-2003.52 1809.28 100 5.27018 114
114
4 2 10 -6 2 -14 4 -26 2 -28 -2 -14 10 -28 12 -44 12 -48 16 -54 24 -56 26 -56 28 -44 22 -42 22 -40 22 -38 26 -36 28 -36 24 -30 28 -24 28 -22 30 -22 32 -24 20 -22 18 -20 10 -16 14 -8 14 -6 12 -4 0 2 -12 4 -12 0 2 14 6 18 4 26 6 30 8 34 8 38 8 40 6 42 8 44 10 46 8 48 8 36 10 28 12 18 10 16 6 16 12 4 16 4 22 2 26 0 32 -4 32 -2 32 0 34 2 34 -2 32 4 32 2 38 2 38 -2 34 -6 42 -8 44 -8 40 -10 42 -12 44 -12 46 -10 48 -6 50 -6 52 -4 52 -2 46 0 46 2 48 6 52 4 50 4 52 2 56 4 56 10 46 10 42 8 40 10 42 14 38 20 38 22 34 22 32 24 28 22 26 22 30 20 26 18 20 16 18 16 20 12 -16 10 -18 16 -20 16 -28 6 -32 2 -32 -2 -34 -2 -38 2 -40 6 -44 12 -48 14 -50 20 -54 20 -54 18 -56 18 -56 22 -52 24 -48 28 -42 34 
22
0 -10 12 -54 24 -54 34 -52 32 -50 22 -36 28 -34 26 -32 24 -22 16 -18 -4 2 -10 0 10 0 2 24 50 -4 50 12 28 18 18 12 -18 12 -40 10 -50 28 -44 30 
17
-2 -10 -4 -14 0 -18 12 -42 10 -50 30 -56 28 -26 26 -22 10 36 8 46 12 2 44 -10 50 6 42 16 40 18 14 8 -14 8 
4
0 2 238.289 -1197.58
0 2 403.718 1788.03
0 2 1779.76 135.365
0 2 -1053.86 419.704
4
238.289 -1197.58 150 35 50 1
403.718 1788.03 220 175 45 1
1779.76 135.365 70 135 220 1
-1053.86 419.704 125 125 135 1
4
150 35 50
220 175 45
70 135 220
125 125 135
